5 100
MARQ ROR MYC TYU KJZ ZDP DOX VZN LMW ARW MEY LAT NRA ICF RFT ABR JXV UBK YFT VXF DRW CSL FJM RGW JIC JRG PNJ NTV RFW XPP QRS ZUE NGE SJV DFU ETY DQK IYU DFV NKN EJT LWG SXS LAG QVD RXI BOS MLD VCB NWP XCB KCH YRC VKJ AXP QFV HKI MKI GLB WGY ATK XWK VEV NWI NFH HQX KXD ISM CMV DFW PPG IHM CPK NOT XHM HNC WGP IEX HZR DKX LYQ IHV ZHO MYG SWQ DNI
OYNU VML ADK KWD CIQ MDM YVQ WHW KLW AFA SIN IVD KDR CYK XND AUO JTF GBN MII VWB JSJ DWR LUG OCD DZG VZZ LEK XNY FFP MVO SEI QGY MBC KKW FGL UYE EUI PWQ QLT GKA XCK YSP GGG KAF EKE WRD WPK VMA CIO JME EYB UPS DTK TKJ LBQ DBX EIW LGB JPH QTZ LPF RSC IKX YVG FIM JCF ULK GBO DDA LWC HPM EMO NBD CNR ALV QKP GCH DLJ AJI FRM XYO TMZ MFB RBT AOL QMP JOT TLQ CCZ PYZ WEY
ZVCW QYF XNZ QNR BMB INW ONI TBU DUE RFD LQQ MLP HQT KZK WLW AEN PRL BTZ ECJ YMG PNX GXN ERX ZQI LND SRM
VQZV AIY LYR SHH MBO
JVQO AJM HVU PXN GDQ IWE HXJ JCA GCJ KFO JXZ UGZ JXO ISG SUS HDO UVY EBR DFN CRS DWK VRQ XPE HFZ
2566 ZQ8819 JVQO PXN HDO 322 469 155 212 59 81 302 255 182 67 78 426 80 250 443 28 425 227 384 342 229
2857 ZR9480 JVQO HXJ GCJ 118 104 162 409 363 433 432 300 372 448 385 20 474 262 121 14 137 284 284 15 484
287 QM8002 OYNU FFP FIM 190 400 383 348 194 214 278 489 355 384 203 481 185 45 283 48 106 60 292 207 306
1475 LQ6609 OYNU DDA DBX 89 373 353 167 269 163 260 161 219 215 253 263 303 183 193 378 373 271 17 200 158
822 AB6655 ZVCW RFD TBU 259 304 341 163 401 295 45 369 348 175 133 238 399 353 471 279 60 250 370 82 278
1272 ZY7384 MARQ XWK JIC 7 281 280 128 179 405 144 268 101 433 252 17 77 12 250 273 337 293 65 263 284
2551 QJ7034 ZVCW WLW AEN 346 21 178 128 372 25 316 57 25 300 484 372 150 218 475 402 46 113 413 63 389
151 DR7090 VQZV AIY SHH 171 485 391 425 438 133 432 498 287 449 107 177 340 274 113 322 232 182 133 317 117
2320 GO5303 OYNU QLT SEI 112 416 371 317 246 250 471 49 108 152 393 374 226 350 249 98 158 483 26 64 397
2355 KK7207 ZVCW ONI GXN 495 471 491 414 404 33 73 92 10 456 492 460 216 328 123 496 153 298 405 11 52
786 RJ7968 ZVCW KZK XNZ 453 139 487 222 335 91 293 387 475 187 351 171 2 451 159 134 142 269 221 471 321
2114 SS5134 JVQO EBR IWE 318 165 318 487 467 374 30 493 381 144 116 24 444 91 366 463 464 430 298 350 40
1325 VH3572 ZVCW YMG WLW 4 312 274 219 15 190 244 37 58 276 169 71 443 238 10 311 310 156 183 483 161
1300 GV9656 JVQO ISG HDO 493 370 305 75 493 234 188 145 189 38 202 144 387 315 487 224 432 193 147 180 469
2693 BP4418 JVQO XPE DFN 177 363 410 429 449 49 436 457 221 96 215 400 93 488 355 335 212 402 67 123 149
1726 NV3576 ZVCW ONI WLW 5 457 327 213 133 404 97 435 22 403 37 422 356 11 102 218 84 191 464 499 102
2300 MX2600 ZVCW MLP KZK 410 129 148 59 298 246 347 21 288 89 189 315 290 317 461 389 317 457 344 198 438
2828 MB1343 MARQ VXF NFH 85 116 445 173 316 404 97 322 392 398 330 200 342 452 342 187 462 448 324 59 429
1870 PK8453 MARQ ROR NRA 417 319 482 357 55 378 462 396 431 35 25 23 427 226 243 476 256 82 117 75 374
2488 RC5057 MARQ MEY HNC 102 255 450 283 470 493 375 189 91 373 65 428 134 62 292 184 106 137 242 316 208
1466 JG6262 MARQ MLD DFU 321 100 101 263 499 231 149 231 392 253 78 174 132 251 208 425 319 408 375 102 140
832 KF9962 VQZV MBO SHH 31 64 456 343 160 329 471 196 107 440 315 446 21 197 285 492 423 87 281 486 148
541 EK4035 ZVCW QNR TBU 159 123 80 281 255 76 347 260 226 282 422 498 41 300 195 295 247 141 448 21 457
1772 TE9108 MARQ WGP DNI 449 416 242 40 343 157 343 319 363 173 464 299 241 158 326 29 260 252 154 436 410
2931 IX8561 MARQ JRG ICF 1 103 21 207 184 177 303 212 24 89 104 139 283 423 393 332 193 354 314 191 27
664 BD6091 OYNU TKJ GKA 192 288 51 177 117 301 325 240 109 335 9 12 12 355 435 257 269 363 325 313 193
101 XY8712 VQZV LYR SHH 385 345 196 174 362 256 19 312 197 464 108 298 42 469 154 112 30 134 251 163 347
659 ZY2404 MARQ JXV DFW 414 419 87 134 214 489 382 233 193 27 477 22 220 394 486 265 410 67 471 318 5
1306 OB7447 OYNU JSJ AUO 165 105 149 368 104 436 320 447 498 44 260 432 206 169 136 23 373 205 75 388 217
760 CR6466 OYNU ALV YSP 302 250 174 434 43 188 278 395 324 404 274 17 319 19 57 29 459 144 193 319 496
2346 FH1636 JVQO GCJ UGZ 394 35 319 178 282 350 491 264 180 87 277 329 153 489 481 48 397 453 259 477 429
859 HE9703 MARQ DQK DOX 105 116 462 27 21 68 451 110 291 165 277 466 343 216 211 464 368 495 236 291 304
1550 BN4807 MARQ RFW KJZ 288 387 278 193 215 250 354 187 493 148 261 463 99 173 144 160 476 38 259 411 85
1171 AG3359 MARQ LWG GLB 408 114 196 445 143 26 290 122 78 345 122 325 174 28 447 40 219 37 416 157 401
1270 DS2473 VQZV LYR AIY 259 163 5 274 64 291 178 306 350 440 289 455 404 483 460 394 386 113 410 254 124
2027 MS3691 ZVCW INW YMG 376 78 364 226 103 102 205 350 456 329 106 98 382 26 457 380 278 277 150 470 202
58 NL2075 OYNU VML GGG 88 262 351 177 393 213 2 77 71 52 73 23 96 268 253 281 36 231 234 185 463
2876 GX9156 VQZV AIY MBO 454 487 495 142 24 446 372 201 34 450 308 258 256 125 260 0 115 497 288 434 344
2065 AZ3833 MARQ QVD KJZ 20 281 17 139 25 350 354 17 198 151 330 148 89 47 399 366 327 378 359 424 352
455 BA7445 VQZV MBO SHH 150 199 451 293 290 344 232 308 61 446 257 187 4 126 380 180 258 132 34 251 405
2949 XZ4680 JVQO HFZ GCJ 289 31 463 65 331 10 124 100 264 337 142 334 358 151 16 93 451 306 344 8 384
1538 ZB7688 JVQO DWK EBR 76 144 232 356 267 410 185 415 44 339 235 216 35 350 100 12 185 457 292 481 8
1864 LU6444 OYNU LUG KWD 402 322 40 212 371 405 490 88 382 86 346 250 284 96 58 151 173 457 133 52 101
2174 JF3692 OYNU AFA DWR 35 87 152 112 94 122 14 369 279 83 496 32 353 209 249 340 445 330 159 239 117
2812 ES1055 ZVCW ECJ GXN 11 346 1 177 398 308 427 128 469 132 139 85 249 145 474 337 310 66 178 315 144
1654 BM6895 MARQ MYC NWP 430 346 182 270 79 491 134 303 220 190 249 278 236 312 330 364 338 237 57 323 475
2124 JB8297 OYNU JCF LBQ 470 64 155 200 360 219 154 264 269 379 180 429 73 29 308 124 477 98 389 115 195
1312 OU4235 MARQ PPG YRC 427 328 30 470 290 441 216 355 270 207 253 222 148 485 407 228 306 226 204 32 46
806 FE3246 JVQO DFN SUS 415 168 392 489 238 1 466 104 194 240 409 141 218 98 197 482 2 301 133 197 302
1673 YC4127 JVQO UVY EBR 93 153 222 164 95 304 285 488 266 174 9 6 49 339 77 384 28 60 173 384 115
331 YJ4068 MARQ NKN CMV 131 168 193 201 476 322 214 419 96 246 62 328 473 481 206 278 40 372 62 71 174
682 RF4169 ZVCW YMG ONI 33 369 320 82 281 9 204 458 237 58 475 426 267 30 285 100 432 26 157 266 197
1271 YL8016 JVQO HFZ UGZ 350 321 175 6 442 451 83 290 256 354 165 441 307 362 291 199 17 289 182 424 283
1308 YR4813 JVQO UGZ JCA 251 52 346 425 97 49 266 395 193 11 398 407 152 193 374 455 454 5 343 77 225
1266 OX8005 VQZV LYR AIY 172 209 225 189 400 326 460 285 366 274 491 327 393 133 154 474 238 109 83 257 295
2055 HG1468 VQZV LYR SHH 60 327 152 396 109 289 477 349 492 297 130 470 294 76 193 232 40 425 334 321 203
521 BJ9001 MARQ ABR TYU 207 229 347 139 420 158 27 340 386 460 388 44 176 215 394 221 422 389 498 286 481
2192 CB1406 JVQO HXJ EBR 260 127 8 289 391 96 266 92 476 223 472 448 63 3 278 172 174 58 93 1 169
870 DZ4345 JVQO XPE HFZ 498 11 417 73 187 217 401 166 198 394 157 112 373 405 400 223 174 356 345 327 180
233 TA6982 ZVCW XNZ ONI 102 150 368 190 163 136 373 474 497 189 109 265 486 128 41 379 136 488 55 305 101
1106 CE1157 ZVCW LND BTZ 170 459 330 152 415 414 83 405 212 362 247 225 367 22 322 187 352 337 184 191 400
2875 VP1331 MARQ VXF NOT 455 117 257 267 190 198 256 187 272 186 270 240 346 73 99 472 163 26 306 190 149
1938 FF6650 ZVCW QNR QYF 296 343 190 127 326 312 97 478 229 181 39 426 84 362 173 351 217 122 89 241 5
2443 IG4801 JVQO ISG VRQ 378 163 216 131 284 331 10 65 337 78 101 214 321 165 257 480 325 143 282 178 452
855 CS6491 MARQ YRC RFW 327 125 356 349 469 411 413 301 495 312 350 291 42 350 366 433 9 61 14 441 488
192 JC4545 ZVCW ERX SRM 220 447 417 68 132 27 44 25 198 467 313 431 150 203 381 380 333 242 438 389 38
2211 RH8650 OYNU QTZ GKA 378 342 212 44 331 373 468 496 105 493 37 478 239 287 85 361 26 308 270 1 12
277 SL7731 VQZV LYR SHH 32 12 126 55 158 83 376 14 127 96 267 188 259 189 192 147 375 365 448 405 202
862 LV3458 OYNU GGG TMZ 454 195 423 216 354 274 495 269 329 228 212 223 325 29 336 301 416 333 287 41 175
2276 SQ7568 JVQO SUS DWK 106 370 163 451 293 358 132 286 418 81 178 222 394 15 50 219 10 68 193 30 305
1723 QC3067 MARQ CMV WGP 328 401 240 241 445 58 99 331 210 277 57 316 224 10 207 365 268 475 372 126 264
614 AB9616 MARQ NFH LAG 151 483 484 215 199 486 357 452 301 317 127 114 410 313 210 304 473 111 133 468 303
2966 LH7500 ZVCW TBU XNZ 281 34 374 109 174 180 90 336 98 27 478 381 422 177 438 257 263 33 298 292 462
108 WL9847 ZVCW MLP YMG 358 299 167 41 69 29 297 276 314 12 457 23 402 120 480 488 72 326 172 253 278
152 WQ9844 VQZV MBO SHH 83 221 475 316 160 108 449 432 285 202 278 260 482 143 217 296 109 36 484 176 141
1870 IO1671 VQZV AIY LYR 106 495 310 53 460 450 124 248 393 68 12 448 206 326 122 160 373 191 306 89 49
1711 HH7044 JVQO HXJ JXO 464 92 476 178 36 357 388 496 116 445 201 232 374 38 264 333 374 411 161 23 245
2147 CK6412 MARQ BOS CMV 409 3 483 17 282 227 310 61 414 185 108 153 278 353 33 472 300 195 104 465 236
1252 GB3396 MARQ JXV EJT 228 204 321 455 30 182 209 70 428 401 237 272 256 78 63 331 13 459 96 467 198
1090 PE6187 JVQO DFN UGZ 168 470 367 93 4 399 368 359 269 328 342 140 290 30 368 6 316 151 497 93 51
33 KX5847 VQZV MBO SHH 482 96 321 370 125 227 368 208 375 435 489 200 234 6 310 263 353 91 327 290 17
1819 CS3317 VQZV LYR AIY 204 418 220 48 495 57 101 470 351 313 157 219 22 146 385 56 68 27 86 22 297
2708 HC6118 OYNU DTK KLW 363 285 60 31 311 412 249 303 80 260 86 310 83 65 297 407 347 287 112 46 353
1003 XY5852 ZVCW QNR QYF 37 443 151 69 316 478 303 361 257 23 283 366 468 289 319 28 128 44 95 38 378
2091 JF2007 VQZV SHH MBO 316 57 404 190 224 442 349 458 290 256 258 334 119 225 231 422 415 241 288 205 440
2601 SX1171 OYNU LGB LBQ 28 217 486 397 247 348 119 105 313 323 383 78 292 189 318 321 363 404 40 86 12
1378 AE8067 ZVCW DUE ZQI 319 118 88 243 82 292 365 22 325 319 216 422 154 262 68 183 278 444 257 281 288
1132 EF7787 VQZV MBO LYR 238 140 310 88 161 277 170 3 330 24 174 260 409 399 60 204 156 190 183 278 87
1101 CE1726 VQZV AIY SHH 456 79 128 211 154 419 52 453 444 111 448 222 356 107 161 102 50 463 65 115 313
2605 YO9734 VQZV LYR SHH 247 31 102 304 381 168 234 487 117 336 384 466 458 96 485 135 95 110 399 258 228
988 RO9296 VQZV MBO LYR 157 211 205 474 114 422 10 269 408 393 121 28 499 280 480 25 377 407 178 273 200
1218 TD9618 MARQ HNC RXI 420 92 152 360 181 322 175 425 496 114 476 133 221 11 60 246 279 220 492 249 273
1226 YN9335 MARQ IYU CSL 224 247 194 473 433 200 170 134 100 401 460 126 218 360 184 171 428 19 456 228 494
387 RU8793 ZVCW SRM HQT 149 313 234 63 300 101 493 367 196 306 335 490 199 196 117 215 129 408 266 460 335
2439 LA1323 VQZV LYR SHH 473 153 133 24 225 249 244 7 399 281 152 42 336 261 8 472 302 103 414 338 121
1899 WP5223 VQZV AIY LYR 110 9 361 170 7 133 68 223 445 355 124 414 62 122 134 412 481 53 450 188 106
2474 GQ1647 JVQO GDQ ISG 101 404 31 238 44 310 13 173 180 371 247 479 117 292 170 227 400 178 408 383 220
253 IF9834 VQZV AIY SHH 424 66 178 163 270 405 293 161 261 299 343 166 454 470 435 38 481 151 261 169 421
1279 GR1577 MARQ EJT LWG 391 211 177 460 425 445 144 384 473 224 310 286 438 105 498 156 69 321 354 114 255
1102 KC8826 MARQ JIC ICF 141 213 255 324 37 484 39 78 249 213 185 464 440 54 477 150 235 305 93 301 61
